{
  "camera_angle_x": 0.6194058656692505,
  "frames": [
    {
      "file_path": "./train/r_0",
      "rotation": 0.031415926535897934,
      "transform_matrix": [
        [
          -0.6845484375953674,
          -0.11445745825767517,
          0.719925582408905,
          2.902113199234009
        ],
        [
          0.7289674282073975,
          -0.10748308897018433,
          0.6760575175285339,
          2.7252752780914307
        ],
        [
          0.0,
          0.9875965118408203,
          0.15701310336589813,
          0.6329401135444641
        ],
        [
          0.0,
          0.0,
          0.0,
          1.0
        ]
      ]
    },
    {
      "file_path": "./train/r_1",
      "rotation": 0.031415926535897934,
      "transform_matrix": [
        [
          0.0627870187163353,
          -0.6473738551139832,
          0.7595820426940918,
          3.0619730949401855
        ],
        [
          0.998026967048645,
          0.040727030485868454,
          -0.047786179929971695,
          -0.192632257938385
        ],
        [
          3.725290298461914e-09,
          0.7610836625099182,
          0.6486536860466003,
          2.614806652069092
        ],
        [
          0.0,
          0.0,
          0.0,
          1.0
        ]
      ]
    },
    {
      "file_path": "./train/r_2",
      "rotation": 0.031415926535897934,
      "transform_matrix": [
        [
          -0.9822880029678345,
          -0.1372038871049881,
          0.1276140660047531,
          0.5144287347793579
        ],
        [
          0.18737730383872986,
          -0.7192639112472534,
          0.668991208076477,
          2.6967897415161133
        ],
        [
          0.0,
          0.6810540556907654,
          0.7322331666946411,
          2.951726198196411
        ],
        [
          0.0,
          0.0,
          0.0,
          1.0
        ]
      ]
    },
    {
      "file_path": "./train/r_3",
      "rotation": 0.031415926535897934,
      "transform_matrix": [
        [
          0.3090157210826874,
          -0.2606591582298279,
          0.9146398305892944,
          3.6870310306549072
        ],
        [
          0.9510568976402283,
          0.08469292521476746,
          -0.29718318581581116,
          -1.197983741760254
        ],
        [
          0.0,
          0.9617089033126831,
          0.27407315373420715,
          1.104824185371399
        ],
        [
          0.0,
          0.0,
          0.0,
          1.0
        ]
      ]
    },
    {
      "file_path": "./train/r_4",
      "rotation": 0.031415926535897934,
      "transform_matrix": [
        [
          -0.9297779202461243,
          -0.2681245803833008,
          0.25223425030708313,
          1.0167889595031738
        ],
        [
          0.36812078952789307,
          -0.6772133111953735,
          0.6370784640312195,
          2.568145751953125
        ],
        [
          0.0,
          0.6851943135261536,
          0.7283602356910706,
          2.9361143112182617
        ],
        [
          0.0,
          0.0,
          0.0,
          1.0
        ]
      ]
    },
    {
      "file_path": "./train/r_5",
      "rotation": 0.031415926535897934,
      "transform_matrix": [
        [
          -0.9921144843101501,
          0.015567414462566376,
          -0.12436480075120926,
          -0.501330554485321
        ],
        [
          -0.12533535063266754,
          -0.12322667241096497,
          0.9844319224357605,
          3.968372106552124
        ],
        [
          0.0,
          0.9922564625740051,
          0.12420610338449478,
          0.5006908178329468
        ],
        [
          0.0,
          0.0,
          0.0,
          1.0
        ]
      ]
    },
    {
      "file_path": "./train/r_6",
      "rotation": 0.031415926535897934,
      "transform_matrix": [
        [
          -0.9510571956634521,
          -0.04022879898548126,
          0.3063853681087494,
          1.2350789308547974
        ],
        [
          0.3090151250362396,
          -0.12381233274936676,
          0.9429634809494019,
          3.8012073040008545
        ],
        [
          0.0,
          0.991489827632904,
          0.13018390536308289,
          0.5247880816459656
        ],
        [
          0.0,
          0.0,
          0.0,
          1.0
        ]
      ]
    },
    {
      "file_path": "./train/r_7",
      "rotation": 0.031415926535897934,
      "transform_matrix": [
        [
          -0.5877867341041565,
          -0.1349952071905136,
          0.7976735830307007,
          3.215524911880493
        ],
        [
          0.8090161681175232,
          -0.098080113530159,
          0.5795458555221558,
          2.33622407913208
        ],
        [
          0.0,
          0.9859799742698669,
          0.16686345636844635,
          0.6726480722427368
        ],
        [
          0.0,
          0.0,
          0.0,
          1.0
        ]
      ]
    },
    {
      "file_path": "./train/r_8",
      "rotation": 0.012566370614359171,
      "transform_matrix": [
        [
          -0.7005401253700256,
          -0.01316838152706623,
          0.7134916186332703,
          2.876176357269287
        ],
        [
          0.7136130928993225,
          -0.012927144765853882,
          0.7004208564758301,
          2.823486328125
        ],
        [
          0.0,
          0.9998297691345215,
          0.018453111872076988,
          0.07438686490058899
        ],
        [
          0.0,
          0.0,
          0.0,
          1.0
        ]
      ]
    },
    {
      "file_path": "./train/r_9",
      "rotation": 0.031415926535897934,
      "transform_matrix": [
        [
          -0.9822876453399658,
          -0.023754602298140526,
          0.1858675181865692,
          0.7492559552192688
        ],
        [
          0.18737933039665222,
          -0.12452735006809235,
          0.974362313747406,
          3.9277801513671875
        ],
        [
          0.0,
          0.9919318556785583,
          0.12677279114723206,
          0.5110374689102173
        ],
        [
          0.0,
          0.0,
          0.0,
          1.0
        ]
      ]
    },
    {
      "file_path": "./train/r_10",
      "rotation": 0.012566370614359171,
      "transform_matrix": [
        [
          -0.9956588745117188,
          -0.006595838814973831,
          0.09284359961748123,
          0.37426453828811646
        ],
        [
          0.09307760000228882,
          -0.07055623084306717,
          0.9931557178497314,
          4.003539085388184
        ],
        [
          -4.656612873077393e-10,
          0.9974859952926636,
          0.07086385786533356,
          0.28566136956214905
        ],
        [
          0.0,
          0.0,
          0.0,
          1.0
        ]
      ]
    },
    {
      "file_path": "./train/r_11",
      "rotation": 0.031415926535897934,
      "transform_matrix": [
        [
          -0.992115318775177,
          -0.09187307208776474,
          0.08524513244628906,
          0.34363415837287903
        ],
        [
          0.1253291666507721,
          -0.7272742986679077,
          0.6748070120811462,
          2.7202343940734863
        ],
        [
          0.0,
          0.6801701784133911,
          0.7330542206764221,
          2.9550364017486572
        ],
        [
          0.0,
          0.0,
          0.0,
          1.0
        ]
      ]
    },
    {
      "file_path": "./train/r_12",
      "rotation": 0.031415926535897934,
      "transform_matrix": [
        [
          -0.6845499277114868,
          -0.5183590054512024,
          0.5125381946563721,
          2.0661075115203857
        ],
        [
          0.7289659976959229,
          -0.4867752194404602,
          0.48130908608436584,
          1.9402190446853638
        ],
        [
          -1.4901161193847656e-08,
          0.7031030058860779,
          0.7110880017280579,
          2.866487503051758
        ],
        [
          0.0,
          0.0,
          0.0,
          1.0
        ]
      ]
    },
    {
      "file_path": "./train/r_13",
      "rotation": 0.031415926535897934,
      "transform_matrix": [
        [
          -0.24869337677955627,
          -0.6559838056564331,
          0.7126266956329346,
          2.872690200805664
        ],
        [
          0.968582272529602,
          -0.16843053698539734,
          0.1829741895198822,
          0.7375925779342651
        ],
        [
          -1.4901161193847656e-08,
          0.7357420921325684,
          0.6772618293762207,
          2.7301297187805176
        ],
        [
          0.0,
          0.0,
          0.0,
          1.0
        ]
      ]
    },
    {
      "file_path": "./train/r_14",
      "rotation": 0.031415926535897934,
      "transform_matrix": [
        [
          -0.18738485872745514,
          -0.6600875854492188,
          0.7274416089057922,
          2.932410955429077
        ],
        [
          0.9822865724563599,
          -0.12592090666294098,
          0.13876962661743164,
          0.5593982338905334
        ],
        [
          0.0,
          0.740559458732605,
          0.6719908714294434,
          2.7088818550109863
        ],
        [
          0.0,
          0.0,
          0.0,
          1.0
        ]
      ]
    },
    {
      "file_path": "./train/r_15",
      "rotation": 0.031415926535897934,
      "transform_matrix": [
        [
          -0.30901849269866943,
          -0.18689528107643127,
          0.9325114488601685,
          3.7590739727020264
        ],
        [
          0.9510560035705566,
          -0.060726284980773926,
          0.30299296975135803,
          1.22140371799469
        ],
        [
          0.0,
          0.9805010557174683,
          0.19651342928409576,
          0.7921710014343262
        ],
        [
          0.0,
          0.0,
          0.0,
          1.0
        ]
      ]
    },
    {
      "file_path": "./train/r_16",
      "rotation": 0.031415926535897934,
      "transform_matrix": [
        [
          -0.5877883434295654,
          -0.5695741176605225,
          0.5745347142219543,
          2.316023826599121
        ],
        [
          0.8090147376060486,
          -0.41382312774658203,
          0.41742727160453796,
          1.6827032566070557
        ],
        [
          -1.4901161193847656e-08,
          0.7101660370826721,
          0.704034149646759,
          2.838052749633789
        ],
        [
          0.0,
          0.0,
          0.0,
          1.0
        ]
      ]
    },
    {
      "file_path": "./train/r_17",
      "rotation": 0.031415926535897934,
      "transform_matrix": [
        [
          0.30901381373405457,
          -0.5914012789726257,
          0.7448186874389648,
          3.002460479736328
        ],
        [
          0.9510576128959656,
          0.19215571880340576,
          -0.24200348556041718,
          -0.9755473136901855
        ],
        [
          0.0,
          0.7831478714942932,
          0.6218354105949402,
          2.5066988468170166
        ],
        [
          0.0,
          0.0,
          0.0,
          1.0
        ]
      ]
    },
    {
      "file_path": "./train/r_18",
      "rotation": 0.031415926535897934,
      "transform_matrix": [
        [
          -0.9685832262039185,
          0.18230323493480682,
          -0.1691514402627945,
          -0.6818711757659912
        ],
        [
          -0.2486899346113205,
          -0.7100241184234619,
          0.6588013172149658,
          2.655712842941284
        ],
        [
          7.450580596923828e-09,
          0.6801700592041016,
          0.7330543994903564,
          2.9550364017486572
        ],
        [
          0.0,
          0.0,
          0.0,
          1.0
        ]
      ]
    },
    {
      "file_path": "./train/r_19",
      "rotation": 0.031415926535897934,
      "transform_matrix": [
        [
          -0.4257826805114746,
          -0.6258630752563477,
          0.6534557938575745,
          2.634164571762085
        ],
        [
          0.9048255681991577,
          -0.2945116460323334,
          0.30749592185020447,
          1.2395557165145874
        ],
        [
          0.0,
          0.7221899032592773,
          0.6916947960853577,
          2.788311004638672
        ],
        [
          0.0,
          0.0,
          0.0,
          1.0
        ]
      ]
    },
    {
      "file_path": "./train/r_20",
      "rotation": 0.031415926535897934,
      "transform_matrix": [
        [
          -0.9980270862579346,
          -0.0460626520216465,
          0.04266569763422012,
          0.17199094593524933
        ],
        [
          0.06278639286756516,
          -0.7321932911872864,
          0.6781966686248779,
          2.733898401260376
        ],
        [
          0.0,
          0.6795374751091003,
          0.733640730381012,
          2.9574005603790283
        ],
        [
          0.0,
          0.0,
          0.0,
          1.0
        ]
      ]
    },
    {
      "file_path": "./train/r_21",
      "rotation": 0.031415926535897934,
      "transform_matrix": [
        [
          -0.844327986240387,
          0.3893313407897949,
          -0.36814600229263306,
          -1.484044075012207
        ],
        [
          -0.5358268618583679,
          -0.613487958908081,
          0.580105185508728,
          2.3384790420532227
        ],
        [
          0.0,
          0.687061607837677,
          0.7265990972518921,
          2.9290149211883545
        ],
        [
          0.0,
          0.0,
          0.0,
          1.0
        ]
      ]
    },
    {
      "file_path": "./train/r_22",
      "rotation": 0.012566370614359171,
      "transform_matrix": [
        [
          0.2227735072374344,
          -0.6545482277870178,
          0.7224531173706055,
          2.912301778793335
        ],
        [
          0.9748703241348267,
          0.14957475662231445,
          -0.1650921106338501,
          -0.6655076146125793
        ],
        [
          0.0,
          0.7410762310028076,
          0.6714208126068115,
          2.7065839767456055
        ],
        [
          0.0,
          0.0,
          0.0,
          1.0
        ]
      ]
    },
    {
      "file_path": "./train/r_23",
      "rotation": 0.012566370614359171,
      "transform_matrix": [
        [
          0.0023611660581082106,
          0.05203204229474068,
          0.9986425638198853,
          4.0256571769714355
        ],
        [
          0.9999972581863403,
          -0.00012285663979128003,
          -0.0023579674307256937,
          -0.009505271911621094
        ],
        [
          1.4551916963090328e-11,
          0.9986452460289001,
          -0.052032191306352615,
          -0.20974849164485931
        ],
        [
          0.0,
          0.0,
          0.0,
          1.0
        ]
      ]
    },
    {
      "file_path": "./train/r_24",
      "rotation": 0.031415926535897934,
      "transform_matrix": [
        [
          -0.06279198825359344,
          -0.2244826704263687,
          0.9724528193473816,
          3.9200830459594727
        ],
        [
          0.9980267286300659,
          -0.014123584143817425,
          0.06118297949433327,
          0.2466364949941635
        ],
        [
          9.31322685637781e-10,
          0.9743757247924805,
          0.22492650151252747,
          0.906707763671875
        ],
        [
          0.0,
          0.0,
          0.0,
          1.0
        ]
      ]
    },
    {
      "file_path": "./train/r_25",
      "rotation": 0.031415926535897934,
      "transform_matrix": [
        [
          -1.0,
          2.58621213333754e-07,
          -2.0660704649344552e-06,
          -8.328596777573694e-06
        ],
        [
          -2.082194214381161e-06,
          -0.12420611083507538,
          0.9922564625740051,
          3.9999136924743652
        ],
        [
          -2.842170943040401e-14,
          0.9922564625740051,
          0.12420610338449478,
          0.5006908178329468
        ],
        [
          0.0,
          0.0,
          0.0,
          1.0
        ]
      ]
    },
    {
      "file_path": "./train/r_26",
      "rotation": 0.031415926535897934,
      "transform_matrix": [
        [
          -0.9048287272453308,
          -0.3093682527542114,
          0.29253411293029785,
          1.179242730140686
        ],
        [
          0.4257756769657135,
          -0.6574478149414062,
          0.621673047542572,
          2.5060441493988037
        ],
        [
          1.4901161193847656e-08,
          0.687061607837677,
          0.7265991568565369,
          2.9290149211883545
        ],
        [
          0.0,
          0.0,
          0.0,
          1.0
        ]
      ]
    },
    {
      "file_path": "./train/r_27",
      "rotation": 0.012566370614359171,
      "transform_matrix": [
        [
          -0.14426763355731964,
          0.13442006707191467,
          0.9803662896156311,
          3.9519829750061035
        ],
        [
          0.9895387887954712,
          0.019597480073571205,
          0.14293035864830017,
          0.5761706829071045
        ],
        [
          -1.862645371275562e-09,
          0.9907306432723999,
          -0.13584113121032715,
          -0.5475931167602539
        ],
        [
          0.0,
          0.0,
          0.0,
          1.0
        ]
      ]
    },
    {
      "file_path": "./train/r_28",
      "rotation": 0.031415926535897934,
      "transform_matrix": [
        [
          -1.4424363143916707e-06,
          -0.2326129525899887,
          0.9725693464279175,
          3.9205524921417236
        ],
        [
          1.0,
          -3.3552933587088773e-07,
          1.4028693158252281e-06,
          5.6551471061538905e-06
        ],
        [
          -2.8421712818535796e-14,
          0.9725692272186279,
          0.2326129674911499,
          0.9376928806304932
        ],
        [
          0.0,
          0.0,
          0.0,
          1.0
        ]
      ]
    },
    {
      "file_path": "./train/r_29",
      "rotation": 0.031415926535897934,
      "transform_matrix": [
        [
          -0.4257808029651642,
          -0.16633009910583496,
          0.8894070982933044,
          3.5853147506713867
        ],
        [
          0.9048264026641846,
          -0.0782693400979042,
          0.41852498054504395,
          1.6871281862258911
        ],
        [
          7.450581485102248e-09,
          0.9829588532447815,
          0.18382543325424194,
          0.7410240173339844
        ],
        [
          0.0,
          0.0,
          0.0,
          1.0
        ]
      ]
    },
    {
      "file_path": "./train/r_30",
      "rotation": 0.012566370614359171,
      "transform_matrix": [
        [
          -0.9999589920043945,
          -0.007714532315731049,
          0.004757225513458252,
          0.019176989793777466
        ],
        [
          0.009063400328159332,
          -0.8511393070220947,
          0.5248615741729736,
          2.1157846450805664
        ],
        [
          0.0,
          0.5248831510543823,
          0.8511742949485779,
          3.4311933517456055
        ],
        [
          0.0,
          0.0,
          0.0,
          1.0
        ]
      ]
    },
    {
      "file_path": "./train/r_31",
      "rotation": 0.031415926535897934,
      "transform_matrix": [
        [
          -0.6374269127845764,
          -0.545274019241333,
          0.5443923473358154,
          2.1945159435272217
        ],
        [
          0.7705109119415283,
          -0.4510933756828308,
          0.45036399364471436,
          1.8154754638671875
        ],
        [
          0.0,
          0.7065344452857971,
          0.7076785564422607,
          2.8527438640594482
        ],
        [
          0.0,
          0.0,
          0.0,
          1.0
        ]
      ]
    },
    {
      "file_path": "./train/r_32",
      "rotation": 0.031415926535897934,
      "transform_matrix": [
        [
          -0.06279407441616058,
          -0.6594646573066711,
          0.7491082549095154,
          3.019752264022827
        ],
        [
          0.9980266094207764,
          -0.04149235412478447,
          0.047132570296525955,
          0.18999747931957245
        ],
        [
          0.0,
          0.7505896687507629,
          0.6607685685157776,
          2.6636435985565186
        ],
        [
          0.0,
          0.0,
          0.0,
          1.0
        ]
      ]
    },
    {
      "file_path": "./train/r_33",
      "rotation": 0.031415926535897934,
      "transform_matrix": [
        [
          -0.18738281726837158,
          -0.20651188492774963,
          0.9603334665298462,
          3.8712282180786133
        ],
        [
          0.9822869896888733,
          -0.039394576102495193,
          0.18319492042064667,
          0.7384824156761169
        ],
        [
          0.0,
          0.9776507616043091,
          0.21023577451705933,
          0.8474875688552856
        ],
        [
          0.0,
          0.0,
          0.0,
          1.0
        ]
      ]
    },
    {
      "file_path": "./train/r_34",
      "rotation": 0.012566370614359171,
      "transform_matrix": [
        [
          -0.8944634795188904,
          -0.29777172207832336,
          0.3335669934749603,
          1.344651699066162
        ],
        [
          0.4471408724784851,
          -0.5956645011901855,
          0.6672695875167847,
          2.689850091934204
        ],
        [
          0.0,
          0.745999813079834,
          0.6659460663795471,
          2.6845147609710693
        ],
        [
          0.0,
          0.0,
          0.0,
          1.0
        ]
      ]
    },
    {
      "file_path": "./train/r_35",
      "rotation": 0.031415926535897934,
      "transform_matrix": [
        [
          -0.9822868704795837,
          0.023370463401079178,
          -0.1859203279018402,
          -0.7494688034057617
        ],
        [
          -0.18738342821598053,
          -0.12251083552837372,
          0.9746171236038208,
          3.928807258605957
        ],
        [
          -1.862645149230957e-09,
          0.9921919703483582,
          0.1247200071811676,
          0.5027624368667603
        ],
        [
          0.0,
          0.0,
          0.0,
          1.0
        ]
      ]
    },
    {
      "file_path": "./train/r_36",
      "rotation": 0.031415926535897934,
      "transform_matrix": [
        [
          -0.9980266094207764,
          0.007788465823978186,
          -0.06230772286653519,
          -0.25117048621177673
        ],
        [
          -0.06279262155294418,
          -0.1237899661064148,
          0.9903196692466736,
          3.9921064376831055
        ],
        [
          0.0,
          0.9922778606414795,
          0.12403472512960434,
          0.5
        ],
        [
          0.0,
          0.0,
          0.0,
          1.0
        ]
      ]
    },
    {
      "file_path": "./train/r_37",
      "rotation": 0.031415926535897934,
      "transform_matrix": [
        [
          -0.8090169429779053,
          0.4259108901023865,
          -0.405082106590271,
          -1.632938265800476
        ],
        [
          -0.5877853631973267,
          -0.5862159132957458,
          0.5575475692749023,
          2.247546434402466
        ],
        [
          1.4901161193847656e-08,
          0.6891667246818542,
          0.7246026992797852,
          2.9209671020507812
        ],
        [
          0.0,
          0.0,
          0.0,
          1.0
        ]
      ]
    },
    {
      "file_path": "./train/r_38",
      "rotation": 0.031415926535897934,
      "transform_matrix": [
        [
          -0.9921149611473083,
          -0.015738580375909805,
          0.12433909624814987,
          0.5012269616127014
        ],
        [
          0.12533122301101685,
          -0.12458572536706924,
          0.9842613339424133,
          3.967684507369995
        ],
        [
          0.0,
          0.9920840263366699,
          0.12557588517665863,
          0.5062126517295837
        ],
        [
          0.0,
          0.0,
          0.0,
          1.0
        ]
      ]
    },
    {
      "file_path": "./train/r_39",
      "rotation": 0.012566370614359171,
      "transform_matrix": [
        [
          -0.019381500780582428,
          -0.7093530893325806,
          0.7045866847038269,
          2.8402798175811768
        ],
        [
          0.9998122453689575,
          -0.013750908896327019,
          0.013658512383699417,
          0.055059224367141724
        ],
        [
          -9.31322685637781e-10,
          0.704719066619873,
          0.7094864249229431,
          2.8600313663482666
        ],
        [
          0.0,
          0.0,
          0.0,
          1.0
        ]
      ]
    },
    {
      "file_path": "./train/r_40",
      "rotation": 0.031415926535897934,
      "transform_matrix": [
        [
          -0.4817551374435425,
          -0.15588466823101044,
          0.862329363822937,
          3.476160764694214
        ],
        [
          0.8763059377670288,
          -0.08569864928722382,
          0.4740714430809021,
          1.9110430479049683
        ],
        [
          -7.450580596923828e-09,
          0.9840506315231323,
          0.1778884083032608,
          0.7170910835266113
        ],
        [
          0.0,
          0.0,
          0.0,
          1.0
        ]
      ]
    }
  ]
}