{
  "camera_angle_x": 0.6194058656692505,
  "frames": [
    {
      "file_path": "./train/r_0",
      "rotation": 0.012566370614359171,
      "transform_matrix": [
        [
          0.49102404713630676,
          -0.04675722494721413,
          -0.8698902130126953,
          -3.5066397190093994
        ],
        [
          -0.8711459636688232,
          -0.026354853063821793,
          -0.4903162717819214,
          -1.9765281677246094
        ],
        [
          -1.862645149230957e-09,
          0.998558521270752,
          -0.05367323011159897,
          -0.21636371314525604
        ],
        [
          0.0,
          0.0,
          0.0,
          1.0
        ]
      ]
    },
    {
      "file_path": "./train/r_1",
      "rotation": 0.031415926535897934,
      "transform_matrix": [
        [
          0.3681268095970154,
          0.2467726320028305,
          -0.8964294791221619,
          -3.6136231422424316
        ],
        [
          -0.929775595664978,
          0.09770487993955612,
          -0.3549240231513977,
          -1.4307446479797363
        ],
        [
          -7.450580596923828e-09,
          0.9641354084014893,
          0.2654109299182892,
          1.0699057579040527
        ],
        [
          0.0,
          0.0,
          0.0,
          1.0
        ]
      ]
    },
    {
      "file_path": "./train/r_2",
      "rotation": 0.031415926535897934,
      "transform_matrix": [
        [
          0.4257815182209015,
          0.2479885369539261,
          -0.8701791763305664,
          -3.5078043937683105
        ],
        [
          -0.9048260450363159,
          0.11669528484344482,
          -0.4094778299331665,
          -1.6506578922271729
        ],
        [
          -7.450580596923828e-09,
          0.9617089033126831,
          0.27407315373420715,
          1.104824185371399
        ],
        [
          0.0,
          0.0,
          0.0,
          1.0
        ]
      ]
    },
    {
      "file_path": "./train/r_3",
      "rotation": 0.031415926535897934,
      "transform_matrix": [
        [
          0.6845490336418152,
          0.23299503326416016,
          -0.6907285451889038,
          -2.7844159603118896
        ],
        [
          -0.7289668917655945,
          0.21879804134368896,
          -0.6486406326293945,
          -2.6147541999816895
        ],
        [
          0.0,
          0.9475446343421936,
          0.31962358951568604,
          1.2884440422058105
        ],
        [
          0.0,
          0.0,
          0.0,
          1.0
        ]
      ]
    },
    {
      "file_path": "./train/r_4",
      "rotation": 0.012566370614359171,
      "transform_matrix": [
        [
          0.42855730652809143,
          0.14172592759132385,
          -0.892329752445221,
          -3.5970962047576904
        ],
        [
          -0.9035146236419678,
          0.06722379475831985,
          -0.42325207591056824,
          -1.706183671951294
        ],
        [
          -3.725290076417309e-09,
          0.9876208305358887,
          0.15686067938804626,
          0.6323256492614746
        ],
        [
          0.0,
          0.0,
          0.0,
          1.0
        ]
      ]
    },
    {
      "file_path": "./train/r_5",
      "rotation": 0.012566370614359171,
      "transform_matrix": [
        [
          0.8701537251472473,
          0.03934556245803833,
          -0.49120721220970154,
          -1.9801195859909058
        ],
        [
          -0.492780476808548,
          0.06947654485702515,
          -0.8673756122589111,
          -3.4965028762817383
        ],
        [
          0.0,
          0.996807336807251,
          0.07984399795532227,
          0.3218614459037781
        ],
        [
          0.0,
          0.0,
          0.0,
          1.0
        ]
      ]
    },
    {
      "file_path": "./train/r_6",
      "rotation": 0.012566370614359171,
      "transform_matrix": [
        [
          0.6210367679595947,
          -0.18304429948329926,
          -0.7621076703071594,
          -3.0721542835235596
        ],
        [
          -0.7837814688682556,
          -0.14503690600395203,
          -0.6038632988929749,
          -2.434250831604004
        ],
        [
          -7.450580596923828e-09,
          0.9723471999168396,
          -0.23353996872901917,
          -0.9414297342300415
        ],
        [
          0.0,
          0.0,
          0.0,
          1.0
        ]
      ]
    },
    {
      "file_path": "./train/r_7",
      "rotation": 0.031415926535897934,
      "transform_matrix": [
        [
          0.7289704084396362,
          0.22528575360774994,
          -0.6464120149612427,
          -2.6057701110839844
        ],
        [
          -0.6845452189445496,
          0.2399061918258667,
          -0.6883624196052551,
          -2.7748777866363525
        ],
        [
          0.0,
          0.9442941546440125,
          0.3291027545928955,
          1.326655626296997
        ],
        [
          0.0,
          0.0,
          0.0,
          1.0
        ]
      ]
    },
    {
      "file_path": "./train/r_8",
      "rotation": 0.031415926535897934,
      "transform_matrix": [
        [
          0.63742595911026,
          0.2390529364347458,
          -0.7324901819229126,
          -2.9527623653411865
        ],
        [
          -0.7705116868019104,
          0.19776280224323273,
          -0.6059716939926147,
          -2.4427499771118164
        ],
        [
          0.0,
          0.9506543278694153,
          0.31025218963623047,
          1.250666618347168
        ],
        [
          0.0,
          0.0,
          0.0,
          1.0
        ]
      ]
    }
  ]
}